#' My own color palettes
#'
#' @export
#'
lykke_palettes <- list(
  sdu_colors = c(
    "#DDCBA4",
    "#7A6040",
    "#E1BBB4",
    "#D05A57",
    "#789D4A",
    "#AEB862",
    "#00aedb",
    "#E07E3C",
    "#F2C75C"
  ),
  autumn = c(
    "#00798c",
    "#d1495b",
    "#edae49",
    "#66a182",
    "#2e4057",
    "#8d96a3"
  ),
  greens = c(
    "#000f08",
    "#1c3738",
    "#4d4847",
    "#f4fff8",
    "#8baaad",
    "#f5fdc6",
    "#f5c396",
    "#d0b17a",
    "#a89f68",
    "#aebd93"
  )
)
